
                        S T E P       1


                                INCREMENT     1


 displacements (vx,vy,vz) for set ALLN and time  0.1000000E+01

         1  0.000000E+00  0.000000E+00  0.000000E+00
         2  4.761905E-07  2.380952E-06  1.822180E-19
         3  0.000000E+00 -9.595295E-21  0.000000E+00
         4 -4.761905E-07  2.380952E-06  1.787637E-19
         5  0.000000E+00 -6.428571E-08 -4.285714E-08
         6  4.761905E-07  2.316667E-06 -4.285714E-08
         7  0.000000E+00 -6.428571E-08  4.285714E-08
         8 -4.761905E-07  2.316667E-06  4.285714E-08
         9  2.380952E-07  5.952381E-07  5.520686E-20
        10  4.555470E-20  2.373810E-06  1.804875E-19
        11  2.806520E-20  5.880952E-07  5.674032E-20
        12  1.042765E-21  5.720238E-07  5.577844E-20
        13  1.462564E-21  2.357738E-06  1.808211E-19
        14 -4.761905E-07  2.364881E-06  2.142857E-08
        15 -2.380952E-07  5.952381E-07  5.730955E-20
        16  0.000000E+00 -7.142857E-09  1.485072E-21
        17 -2.380952E-07  5.791667E-07  2.142857E-08
        18  0.000000E+00 -1.607143E-08  2.142857E-08
        19  0.000000E+00 -2.321429E-08  3.551086E-21
        20 -2.380952E-07  5.309524E-07  4.285714E-08
        21  0.000000E+00 -7.142857E-08  5.082447E-21
        22  0.000000E+00 -1.607143E-08 -2.142857E-08
        23 -2.572601E-20  5.238095E-07  5.611818E-20
        24  2.380952E-07  5.309524E-07 -4.285714E-08
        25  2.380952E-07  5.791667E-07 -2.142857E-08
        26 -4.315381E-20  2.309524E-06  1.835420E-19
        27  4.761905E-07  2.364881E-06 -2.142857E-08

 forces (fx,fy,fz) for set ALLN and time  0.1000000E+01

         1 -3.000000E+02  1.797427E-10  1.222759E-10
         2  3.000000E+02  2.033226E-11  1.452090E-11
         3  1.000000E+02 -3.431712E-12 -1.880984E-10
         4 -1.000000E+02 -2.004366E-11 -5.763477E-12
         5 -1.000000E+02 -4.703998E-12  3.292365E-13
         6  1.000000E+02  7.991041E-12  1.179047E-11
         7  3.000000E+02  9.148316E-12 -1.217874E-12
         8 -3.000000E+02  3.369149E-11  2.475857E-11
         9  4.164367E-12  4.652651E-11  1.994967E-11
        10 -2.000000E+02  1.511162E-11 -4.318267E-12
        11  1.131408E-11 -3.531823E-11 -1.196840E-11
        12 -4.341293E-13 -4.908913E-11 -2.283327E-11
        13  8.910165E-12 -2.212800E-11  2.561595E-11
        14 -6.000000E+02 -7.263999E-11 -1.145999E-11
        15  3.959395E-12  7.364522E-12 -1.025711E-11
        16  2.000000E+02 -1.311227E-12 -2.531579E-12
        17  7.240300E-12 -4.078634E-11  8.302861E-12
        18  6.000000E+02 -1.461880E-11  1.775954E-12
        19  8.003805E-12 -1.723078E-11  9.946240E-12
        20 -7.149939E-12 -4.529123E-11  1.038318E-11
        21 -2.000000E+02 -4.458673E-12 -2.875306E-12
        22 -6.000000E+02  1.904855E-11 -8.668584E-13
        23  4.045291E-12 -4.697506E-12  1.541840E-11
        24  1.868994E-12 -5.872363E-11  2.602492E-12
        25 -1.878840E-11 -5.361945E-11  4.324904E-13
        26  2.000000E+02  6.397752E-11  1.863949E-11
        27  6.000000E+02  4.515780E-11 -2.455134E-11

 stresses (elem, integ.pnt.,sxx,syy,szz,sxy,sxz,syz) for set ALLE and time  0.1000000E+01

         1   1  4.472136E+04 -1.356966E-09 -5.820766E-10 -9.235917E-10 -2.177006E-10 -6.659695E-10
         1   2  4.472136E+04 -1.949957E-09  3.456080E-10  1.094627E-09  1.953027E-09 -3.538297E-10
         1   3 -4.472136E+04 -2.110028E-09  8.367351E-11  4.104852E-10  1.026189E-09 -7.696597E-11
         1   4 -4.472136E+04 -2.146407E-10  7.858034E-10  2.736568E-10  1.110751E-09  3.933816E-10
         2   1  1.708204E+04 -4.060894E-09 -1.317858E-09 -3.677263E-09 -5.919432E-10 -1.269404E-09
         2   2 -7.236068E+04  5.238689E-10  1.025910E-09  8.551775E-10  3.181528E-10  3.965886E-10
         2   3 -7.236068E+04 -3.386958E-09  1.855369E-10 -3.335192E-09  2.137944E-10 -2.679912E-09
         2   4 -7.236068E+04  2.284651E-09  1.440640E-09  2.155047E-09  2.282255E-10  2.142220E-09
         3   1  1.708204E+04 -4.266440E-09  1.700755E-10 -4.216025E-09  1.999011E-09 -3.067949E-09
         3   2 -7.236068E+04 -4.001777E-10  8.807547E-09 -4.044990E-09  1.694320E-09 -3.606711E-09
         3   3 -7.236068E+04  4.110916E-10  2.513843E-09 -2.924707E-09  1.234663E-09 -1.338353E-09
         3   4 -7.236068E+04  1.142325E-09 -1.506123E-09  1.470905E-09 -7.375906E-10  9.577988E-10
         4   1  4.472136E+04 -1.698936E-09 -2.775778E-09 -3.908161E-09  2.046579E-09 -2.152909E-09
         4   2 -4.472136E+04 -4.365575E-10  1.160515E-09 -2.599740E-09  1.275324E-09 -1.060420E-09
         4   3  4.472136E+04 -6.184564E-11 -3.565219E-10 -2.710913E-09  1.874474E-09 -9.663506E-10
         4   4 -4.472136E+04  9.240466E-10  3.165042E-10  1.710355E-09 -6.588819E-10 -5.986242E-11
         5   1  7.236068E+04  1.335138E-09 -2.353772E-09 -3.078639E-10  1.741125E-09 -1.030489E-09
         5   2  7.236068E+04  1.520675E-09 -3.456080E-10 -1.026213E-10  1.670840E-09 -3.463469E-10
         5   3  7.236068E+04 -3.274181E-10 -1.855369E-10  5.473136E-10  6.769635E-10  1.539319E-10
         5   4 -1.708204E+04  3.619789E-10  5.729817E-11  7.525562E-10 -8.216551E-10  3.249674E-10
         6   1  7.236068E+04  1.178705E-09 -1.942681E-09 -4.446923E-10 -1.727662E-10  1.731734E-10
         6   2  7.236068E+04  4.620233E-10  2.277375E-09  4.788994E-10  2.392370E-09  7.653839E-10
         6   3  7.236068E+04 -1.593435E-09  2.837623E-10  4.104852E-10  2.757562E-09  1.325525E-10
         6   4 -1.708204E+04 -2.214620E-09  6.730261E-10  8.893846E-10  1.086153E-09  5.131065E-10

 internal energy density (elem, integ.pnt.,energy) for set ALLE and time  0.1000000E+01

         1   1  4.761905E-03
         1   2  4.761905E-03
         1   3  4.761905E-03
         1   4  4.761905E-03
         2   1  6.947525E-04
         2   2  1.246683E-02
         2   3  1.246683E-02
         2   4  1.246683E-02
         3   1  6.947525E-04
         3   2  1.246683E-02
         3   3  1.246683E-02
         3   4  1.246683E-02
         4   1  4.761905E-03
         4   2  4.761905E-03
         4   3  4.761905E-03
         4   4  4.761905E-03
         5   1  1.246683E-02
         5   2  1.246683E-02
         5   3  1.246683E-02
         5   4  6.947525E-04
         6   1  1.246683E-02
         6   2  1.246683E-02
         6   3  1.246683E-02
         6   4  6.947525E-04
